Estimate:  -0.745374
Real:  -0.756802 
