-------------------------Exercise A --------------------
A=
[  0.327223,    0.637615,    0.397155,    0.989048,    0.934666,  
  0.637615,     0.92886,    0.357765,    0.962194,    0.589759,  
  0.397155,    0.357765,   0.0718731,    0.971607,    0.802349,  
  0.989048,    0.962194,    0.971607,   0.0774306,    0.375904,  
  0.934666,    0.589759,    0.802349,    0.375904,    0.821824,  ]

Eigenvector matrix, V=
[         0,           0,           0,           0,    0.453863,  
         0,    0.261255,    0.444995,    0.684661,    0.481478,  
         0,      0.5012,           0,           0,    0.364817,  
  0.688478,           0,           0,    0.236245,    0.450737,  
  0.293298,    0.209634,    0.476372,           0,    0.475323,  ]

V^T*V=I=
[         1,           0,           0,           0,           0,  
         0,           1,           0,           0,           0,  
         0,           0,           1,           0,           0,  
         0,           0,           0,           1,           0,  
         0,           0,           0,           0,           1,  ]

Eigenvalues=
[         0,           0,           0,           0,           0,  
         0,           0,           0,           0,           0,  
         0,           0,           0,           0,           0,  
         0,           0,           0,    0.487741,  3.09263e-09,  
         0,           0,           0,  3.09263e-09,     3.28396,  ]

V^T*A*V=D=
[         0,           0,           0,           0,           0,  
         0,           0,           0,           0,           0,  
         0,           0,           0,           0,           0,  
         0,           0,           0,    0.487741,  3.09263e-09,  
         0,           0,           0,  3.09263e-09,     3.28396,  ]

A=
[  0.327223,    0.637615,    0.397155,    0.989048,    0.934666,  
  0.637615,     0.92886,    0.357765,    0.962194,    0.589759,  
  0.397155,    0.357765,   0.0718731,    0.971607,    0.802349,  
  0.989048,    0.962194,    0.971607,   0.0774306,    0.375904,  
  0.934666,    0.589759,    0.802349,    0.375904,    0.821824,  ]

V*D*V^T=A=
[  0.327223,    0.637615,    0.397155,    0.989048,    0.934666,  
  0.637615,     0.92886,    0.357765,    0.962194,    0.589759,  
  0.397155,    0.357765,   0.0718731,    0.971607,    0.802349,  
  0.989048,    0.962194,    0.971607,   0.0774306,    0.375904,  
  0.934666,    0.589759,    0.802349,    0.375904,    0.821824,  ]

-------------------------Exercise B --------------------
